226.0 -1077.6 51.6 iris
223.7 -1075.7 51.5 iris
238.0 -1073.3 50.8 iris
243.2 -1073.3 50.5 iris
258.2 -1074.1 49.7 iris
263.2 -1068.5 48.9 iris
264.3 -1064.4 48.3 iris
218.7 -1063.2 50.9 reed
268.1 -1063.2 47.9 iris
272.1 -1055.4 47.6 reed
208.1 -1044.6 49.7 iris
281.3 -1047.6 47.1 iris
207.4 -1042.1 49.6 iris
204.2 -1037.6 49.3 reed
287.2 -1039.2 46.8 iris
197.2 -1033.1 49.0 iris
289.3 -1035.0 46.5 reed
289.7 -1030.7 46.3 reed
188.3 -1026.4 48.5 iris
298.5 -1015.4 45.2 iris
161.4 -1007.3 50.2 reed
305.0 -1006.6 44.5 iris
154.0 -999.7 51.3 iris
308.2 -999.5 44.0 iris
310.6 -994.6 43.9 iris
149.6 -988.3 51.7 iris
314.2 -988.1 43.6 reed
315.2 -985.3 43.5 iris
319.2 -981.1 43.2 reed
319.2 -979.0 43.0 iris
142.0 -974.9 52.1 iris
138.5 -970.6 52.0 reed
323.2 -970.3 42.6 iris
135.9 -963.6 51.8 iris
132.6 -956.8 51.8 reed
130.6 -950.6 52.2 reed
320.6 -948.5 41.9 iris
322.3 -943.7 41.5 iris
327.5 -930.5 40.7 iris
103.4 -923.4 51.2 iris
330.1 -922.0 40.2 iris
92.0 -915.7 51.0 iris
92.0 -909.9 50.8 iris
328.8 -909.1 39.4 iris
85.0 -904.5 50.6 reed
325.6 -905.1 38.9 reed
80.6 -902.6 50.4 iris
324.2 -903.1 38.6 iris
72.2 -894.2 50.2 reed
323.5 -892.3 38.3 iris
308.6 -889.7 37.7 iris
304.5 -884.4 37.3 reed
288.7 -878.8 36.8 reed
294.8 -878.0 37.1 iris
285.9 -875.4 34.9 reed
276.7 -869.6 32.0 iris
280.1 -870.4 33.0 iris
65.6 -855.8 49.2 reed
256.1 -854.1 22.3 reed
61.5 -849.4 49.1 iris
250.4 -849.9 22.1 reed
255.1 -851.9 22.1 iris
244.3 -847.5 22.1 iris
58.3 -840.4 48.8 iris
242.3 -844.0 22.1 iris
57.5 -839.8 48.6 iris
236.9 -828.4 22.1 reed
232.1 -827.2 22.4 iris
478.7 -823.8 32.9 iris
225.2 -816.7 22.8 iris
473.0 -819.9 32.4 reed
499.9 -819.1 32.9 iris
221.5 -815.6 23.0 iris
472.9 -812.4 32.2 iris
488.7 -805.0 32.0 reed
487.6 -801.2 31.6 iris
205.4 -797.7 22.2 iris
201.5 -792.3 22.5 iris
481.8 -793.9 31.2 reed
202.5 -789.5 22.8 iris
198.1 -786.7 22.8 iris
26.0 -782.5 45.2 reed
27.8 -778.7 44.9 reed
479.8 -776.9 30.5 iris
20.1 -769.3 44.5 iris
472.7 -767.1 30.4 iris
20.6 -763.9 43.7 reed
186.5 -762.2 22.1 reed
181.1 -759.1 22.3 iris
17.3 -752.7 43.0 iris
180.2 -752.5 22.4 iris
15.7 -751.0 42.3 iris
461.9 -751.8 29.8 iris
175.9 -742.2 22.5 iris
438.6 -736.3 28.4 iris
435.6 -734.3 28.5 reed
164.4 -725.8 22.7 reed
1.8 -722.1 40.6 iris
-3.6 -718.6 40.2 reed
161.1 -716.3 22.1 iris
443.6 -719.1 27.8 iris
439.4 -710.4 27.7 iris
148.1 -706.9 22.1 iris
412.2 -697.0 29.3 iris
142.2 -694.2 22.6 iris
-17.2 -691.3 38.6 iris
-23.7 -687.2 38.6 iris
132.3 -687.2 22.1 iris
128.7 -683.6 22.0 iris
401.9 -680.5 29.5 reed
420.1 -683.7 27.8 iris
-29.3 -679.7 38.4 iris
120.8 -673.7 22.0 iris
390.4 -670.8 30.1 iris
416.0 -668.6 27.6 reed
-42.3 -667.3 37.7 iris
110.1 -663.6 21.9 iris
373.1 -656.6 31.2 reed
361.1 -653.2 32.2 iris
103.5 -650.7 23.0 iris
357.8 -649.5 32.1 iris
97.1 -647.4 22.7 iris
-52.4 -632.9 36.0 reed
85.7 -632.5 22.0 iris
365.5 -635.7 29.6 iris
81.2 -628.9 22.0 iris
79.6 -625.0 22.1 iris
-55.5 -623.5 35.6 iris
77.0 -621.5 22.3 iris
-50.4 -619.7 35.0 iris
72.3 -619.6 22.4 iris
69.1 -614.1 22.4 iris
67.2 -609.7 22.4 iris
323.5 -610.9 26.6 iris
338.6 -605.7 24.4 iris
-42.1 -598.2 30.9 iris
333.2 -599.8 24.3 iris
-39.1 -594.2 29.5 iris
55.8 -595.1 22.7 iris
318.4 -594.6 24.6 iris
-39.0 -586.7 28.2 iris
49.2 -587.6 22.7 iris
318.1 -585.2 24.8 iris
333.4 -584.2 24.9 iris
46.5 -582.4 22.6 iris
331.5 -580.8 25.0 iris
329.2 -578.4 25.0 reed
40.0 -573.4 22.2 iris
314.5 -574.2 25.0 iris
37.6 -568.2 22.1 iris
284.6 -561.1 24.8 iris
295.5 -563.1 24.8 reed
301.3 -560.0 24.7 reed
308.0 -563.0 24.5 reed
-21.0 -556.4 22.8 iris
269.3 -559.8 24.9 iris
278.2 -559.3 24.8 reed
280.8 -558.9 24.7 iris
264.7 -552.5 24.8 iris
-18.6 -551.6 22.2 iris
18.7 -551.5 22.1 iris
258.0 -551.1 24.7 iris
6.0 -546.6 22.0 iris
10.9 -546.3 22.0 reed
249.7 -546.1 24.7 reed
329.2 -545.1 23.4 iris
-8.3 -540.6 22.2 iris
247.6 -540.5 24.5 reed
242.3 -533.3 24.1 iris
335.1 -526.9 22.6 iris
237.3 -521.9 23.2 iris
335.1 -522.5 22.1 reed
234.8 -518.6 23.1 reed
335.0 -514.6 21.0 reed
332.1 -509.0 20.8 reed
339.3 -507.9 21.0 iris
337.9 -496.0 21.7 iris
222.4 -492.0 22.1 iris
221.6 -491.0 22.0 iris
218.0 -485.5 22.0 reed
219.8 -483.3 21.8 iris
213.5 -478.6 21.6 iris
144.9 -472.2 23.2 iris
215.1 -472.3 21.5 iris
357.1 -471.2 22.2 iris
209.4 -465.1 21.4 reed
163.1 -460.7 23.1 iris
204.1 -461.5 21.3 iris
370.1 -460.2 22.0 iris
136.2 -458.3 23.2 iris
160.8 -456.2 23.0 iris
197.6 -460.0 21.5 iris
378.6 -453.7 22.0 iris
159.5 -450.9 22.9 iris
179.1 -443.9 21.7 iris
394.0 -440.3 21.8 iris
136.6 -434.8 23.3 iris
396.3 -434.7 21.8 iris
150.9 -424.9 22.8 reed
164.6 -426.1 22.0 iris
403.2 -425.4 21.8 iris
148.2 -422.4 22.8 reed
128.1 -408.3 23.3 iris
158.5 -411.9 22.0 reed
411.0 -408.4 21.8 iris
143.5 -401.5 22.4 iris
152.6 -398.8 20.3 iris
141.6 -395.6 20.1 reed
414.0 -395.0 22.0 iris
150.2 -390.8 18.1 iris
122.8 -385.0 23.2 iris
151.1 -386.9 18.0 iris
139.3 -382.6 19.6 reed
418.8 -382.6 22.3 reed
143.8 -369.0 19.2 iris
419.2 -368.3 22.6 reed
135.0 -364.5 21.0 iris
138.2 -367.0 20.0 iris
129.2 -358.0 20.9 iris
132.5 -358.6 20.0 iris
113.6 -353.8 22.8 iris
423.8 -353.8 22.6 iris
130.9 -350.1 20.2 iris
133.9 -350.5 19.2 iris
421.7 -349.2 22.5 iris
111.3 -347.7 22.9 iris
427.6 -347.5 22.6 iris
126.3 -341.3 20.6 iris
427.9 -344.0 22.5 iris
131.6 -338.6 19.3 iris
426.2 -336.9 22.5 reed
124.5 -335.1 19.8 iris
424.5 -333.4 22.5 iris
107.9 -328.2 23.1 iris
128.6 -324.8 19.6 iris
427.0 -325.3 22.2 reed
116.5 -323.0 20.3 iris
128.9 -320.3 20.1 iris
431.6 -320.8 22.2 reed
135.8 -315.9 22.2 reed
429.4 -314.1 22.0 iris
433.8 -307.7 22.1 reed
141.6 -303.4 20.9 reed
143.5 -299.3 20.9 reed
441.8 -297.6 22.6 iris
146.4 -292.8 20.8 reed
441.0 -295.7 22.5 iris
149.0 -289.1 21.2 iris
444.9 -290.1 22.9 iris
156.5 -285.7 22.3 reed
444.3 -285.7 23.0 iris
445.1 -283.7 22.9 iris
116.1 -279.9 20.4 iris
171.9 -276.9 22.5 reed
174.6 -274.8 22.4 iris
448.7 -272.6 22.8 iris
101.3 -270.9 20.1 reed
448.5 -265.6 22.6 iris
99.5 -258.0 22.9 iris
452.0 -256.7 22.5 iris
112.8 -253.5 22.2 reed
93.8 -250.7 22.7 reed
214.7 -246.5 21.2 iris
108.8 -241.2 19.1 reed
220.4 -241.2 20.7 iris
94.0 -236.8 18.9 iris
227.2 -238.2 20.6 iris
451.4 -232.8 21.5 iris
242.8 -230.8 20.6 iris
449.6 -229.5 21.4 iris
242.2 -223.8 20.6 reed
445.1 -222.2 20.7 iris
441.7 -212.3 20.4 iris
225.8 -205.3 21.1 iris
439.2 -207.5 20.4 iris
101.2 -200.4 16.0 iris
288.9 -200.4 20.3 iris
439.7 -203.6 20.4 reed
218.5 -196.7 22.3 iris
284.5 -199.7 20.3 iris
433.6 -198.4 20.5 iris
215.2 -193.9 22.2 iris
303.9 -193.7 20.3 iris
432.3 -195.0 20.5 iris
281.5 -190.3 20.3 iris
194.3 -186.2 20.7 iris
200.0 -187.6 20.9 reed
200.3 -184.1 21.0 iris
207.4 -185.2 21.1 iris
314.9 -184.3 20.4 iris
176.2 -182.9 20.0 reed
181.3 -180.7 20.0 iris
277.0 -183.8 20.3 reed
317.6 -182.7 20.4 iris
77.1 -177.1 19.6 iris
126.2 -178.7 20.0 iris
128.1 -178.0 20.1 reed
273.8 -176.9 20.6 iris
323.6 -179.9 20.3 reed
419.0 -178.8 20.6 iris
123.9 -173.7 19.7 reed
331.2 -172.6 20.2 reed
415.5 -174.3 20.6 iris
68.8 -168.7 22.3 iris
110.9 -171.1 19.0 iris
115.6 -171.4 19.4 iris
341.2 -168.3 20.5 iris
411.6 -168.5 20.6 iris
344.1 -166.3 20.6 iris
63.4 -161.9 22.9 reed
265.2 -162.7 19.7 iris
397.8 -161.9 20.7 reed
367.2 -156.7 20.6 iris
369.7 -158.9 20.6 iris
379.3 -158.6 20.6 iris
380.7 -157.7 20.6 iris
372.9 -155.5 20.6 reed
58.6 -150.7 21.8 iris
260.7 -150.8 17.7 reed
52.6 -147.7 21.9 iris
287.2 -143.6 19.9 reed
46.3 -132.8 21.2 iris
42.1 -129.8 21.1 reed
293.0 -129.2 18.7 iris
37.9 -124.8 21.0 iris
296.8 -115.0 17.5 iris
298.3 -108.7 17.2 iris
18.0 -107.8 19.7 iris
303.6 -105.7 17.2 reed
13.5 -100.6 19.4 iris
304.5 -101.3 17.0 iris
9.6 -97.3 18.8 iris
6.1 -93.6 18.4 iris
3.9 -89.9 18.0 iris
316.9 -90.7 16.7 iris
-5.5 -81.8 17.7 iris
321.6 -81.2 16.5 iris
-11.3 -77.3 18.0 reed
-16.0 -73.6 18.9 reed
-28.1 -71.7 18.8 iris
-27.6 -69.7 18.7 iris
-36.0 -65.2 17.7 iris
-44.3 -63.9 16.9 reed
335.9 -63.6 16.4 reed
-53.2 -56.7 16.0 iris
-48.4 -58.1 16.0 iris
332.5 -59.6 16.3 iris
333.4 -54.1 16.3 iris
-88.9 -44.9 15.8 reed
-84.5 -47.6 15.8 reed
335.9 -47.9 16.1 iris
-94.9 -40.3 15.7 iris
332.4 -41.7 16.0 reed
333.5 -37.4 15.9 reed
-111.7 -34.7 15.7 iris
339.2 -35.0 16.3 iris
-122.7 -27.0 15.7 iris
-125.6 -21.5 15.7 iris
336.1 -21.9 15.7 iris
-136.0 -16.9 15.7 iris
337.1 -16.4 15.7 iris
-138.0 -13.2 15.7 iris
-141.3 -11.9 15.7 iris
340.4 -9.0 15.7 iris
-148.9 -0.1 15.7 iris
345.8 -1.8 15.7 iris
344.6 1.4 15.7 iris
-154.8 7.5 15.7 iris
350.7 5.4 15.7 iris
-159.5 10.9 15.7 iris
-157.7 13.7 15.7 iris
-162.4 16.5 15.7 iris
352.2 16.9 16.0 iris
358.5 23.3 16.3 iris
-163.4 27.1 15.7 iris
-167.3 31.3 15.7 iris
-168.0 37.0 15.7 iris
-168.2 42.5 15.7 iris
-173.1 45.9 15.7 iris
-172.7 48.3 15.7 reed
-183.1 60.6 15.7 reed
-180.1 65.4 15.7 iris
-191.3 82.9 15.7 reed
976.6 101.2 23.3 iris
961.5 109.2 23.5 iris
957.7 115.1 23.6 iris
985.9 115.8 24.4 iris
-210.7 125.6 15.7 iris
-210.8 129.3 15.7 iris
918.4 131.4 21.7 iris
935.2 134.2 22.9 iris
925.1 137.3 22.5 iris
917.8 142.3 22.3 iris
874.6 150.1 20.3 reed
-221.4 159.0 15.7 reed
891.1 159.3 21.0 iris
439.2 162.1 15.7 iris
-227.8 164.3 15.7 iris
869.6 167.4 20.6 reed
447.1 169.7 15.7 iris
827.1 171.8 20.1 iris
832.5 169.2 20.1 reed
857.8 169.8 20.5 iris
-232.4 174.2 15.7 reed
816.4 173.8 20.1 iris
-235.5 178.1 15.7 reed
782.0 180.3 19.9 iris
794.8 181.6 20.0 iris
838.0 183.1 20.6 iris
-239.5 184.9 15.7 reed
731.9 186.9 19.6 iris
733.9 187.8 19.6 iris
736.3 186.9 19.6 reed
764.3 185.1 19.9 iris
727.8 188.6 19.5 iris
806.8 188.4 20.3 iris
-244.6 198.4 15.7 iris
770.6 199.2 20.1 iris
779.4 198.9 20.1 reed
-249.7 200.2 15.7 reed
724.5 200.6 19.5 reed
729.7 200.7 19.6 reed
-251.2 207.1 15.7 iris
724.0 205.5 19.5 iris
-261.9 227.4 15.7 iris
-275.1 242.7 15.7 reed
379.2 242.1 20.8 iris
383.1 241.5 20.8 reed
384.0 241.3 20.8 reed
398.4 240.3 20.7 iris
402.5 243.6 20.7 iris
414.2 243.2 20.4 iris
421.5 240.7 20.3 iris
424.2 241.8 20.3 iris
434.5 240.2 20.3 iris
439.6 242.0 20.3 iris
443.1 241.1 20.4 iris
368.2 247.9 21.5 iris
-277.5 251.5 15.7 iris
362.7 250.3 22.2 iris
367.1 248.1 22.2 iris
-280.9 253.3 15.7 iris
354.9 258.5 23.6 iris
348.4 261.5 24.4 iris
-299.4 264.8 15.7 reed
337.2 265.1 25.4 iris
-301.7 269.5 15.7 iris
326.8 270.5 26.4 iris
329.4 270.0 26.5 iris
319.7 274.0 26.8 reed
-305.3 277.0 15.7 iris
293.7 281.2 27.1 iris
302.2 282.0 27.6 iris
275.2 284.3 27.6 iris
279.4 286.7 27.7 iris
280.5 287.5 27.7 reed
261.8 290.7 28.3 iris
266.1 288.4 28.3 iris
146.8 292.5 24.5 iris
148.6 294.8 24.4 iris
155.1 295.7 24.4 reed
181.3 294.5 25.9 iris
244.5 293.3 29.0 iris
255.3 295.9 29.3 iris
119.3 296.5 24.3 iris
121.5 296.6 24.5 iris
202.9 299.2 28.3 reed
231.7 298.2 29.5 iris
238.8 298.1 29.8 reed
-327.4 301.7 15.7 iris
113.2 302.1 24.6 reed
214.3 301.0 29.8 iris
96.1 305.7 24.1 iris
-335.8 308.3 15.7 iris
80.7 308.9 24.6 reed
95.8 311.5 24.9 iris
-338.0 312.7 15.7 iris
69.2 315.7 24.8 iris
74.3 315.6 25.0 iris
62.7 317.2 24.8 iris
53.8 326.5 25.4 iris
31.7 334.0 25.5 reed
33.9 334.2 25.7 iris
20.8 336.7 25.4 iris
10.7 343.5 24.6 reed
-367.0 345.8 15.7 iris
0.6 348.3 25.3 reed
-4.5 352.5 25.6 iris
-0.8 355.5 26.0 iris
-12.1 357.3 25.5 reed
-377.6 360.0 15.7 iris
-43.6 370.6 24.7 iris
-51.9 375.4 24.7 reed
-44.9 372.3 24.7 iris
-388.8 383.1 15.7 reed
-63.0 382.2 24.6 iris
-389.6 386.6 15.7 iris
-67.1 385.2 24.6 reed
-77.4 390.3 24.5 reed
-73.5 391.5 24.6 reed
-398.1 395.4 15.7 reed
-84.4 392.5 24.4 iris
-83.7 392.4 24.5 iris
-400.1 399.2 15.7 iris
-89.2 398.4 24.4 iris
-405.0 402.0 15.7 reed
-91.6 400.7 24.4 iris
-419.8 415.5 15.7 reed
-100.0 412.7 24.4 iris
-126.8 423.9 23.6 iris
-132.9 428.8 23.4 iris
-437.9 435.3 17.5 iris
-442.2 439.9 17.8 iris
-140.5 438.0 23.1 reed
-440.2 442.6 17.9 iris
-186.4 449.9 20.0 iris
-181.4 451.1 20.3 reed
-178.8 448.7 20.7 iris
-174.7 448.3 21.1 reed
-166.0 451.1 21.8 reed
-163.8 451.1 22.2 reed
-156.1 450.9 22.5 iris
-148.2 452.0 22.8 iris
-189.6 452.5 19.8 iris
-449.3 458.1 17.7 iris
-198.5 457.5 19.3 reed
-223.6 467.2 18.4 reed
-219.2 466.3 18.5 reed
-213.4 464.9 18.6 iris
-211.3 467.0 18.7 iris
-248.8 471.8 17.4 iris
-459.3 474.4 17.2 reed
-265.8 474.6 16.9 reed
-462.5 476.5 16.7 iris
-462.6 483.3 16.3 reed
-467.7 484.9 16.3 iris
-465.5 488.9 16.4 reed
-468.7 494.0 17.0 reed
-288.1 496.1 15.3 iris
-468.1 500.1 17.2 iris
-295.7 503.7 15.1 reed
-299.2 504.7 14.8 iris
-300.5 510.6 14.7 iris
-467.9 515.9 17.1 iris
-305.4 513.1 14.6 reed
-460.9 524.7 17.2 iris
-457.8 529.6 17.0 reed
-364.9 529.3 11.6 iris
-456.7 535.8 17.0 iris
-354.2 535.6 12.0 reed
-452.9 537.4 16.7 iris
-382.4 537.8 10.3 iris
-376.5 539.9 11.5 iris
-349.3 536.6 12.2 iris
-336.2 538.1 12.6 iris
-449.5 541.8 16.6 reed
-391.2 543.4 12.7 iris
-384.9 541.1 11.8 reed
-392.1 545.0 13.9 iris
-441.4 548.1 16.2 reed
-426.9 552.6 15.1 iris
-416.2 553.5 13.7 iris
-407.9 553.2 15.0 iris
-334.7 552.5 12.7 iris
-413.7 556.8 11.1 iris
-322.1 558.8 13.4 iris
-338.7 563.3 12.9 iris
-324.3 564.7 13.1 iris
-335.4 584.5 13.2 iris
-361.8 593.2 12.0 iris
-353.2 607.7 11.4 iris
-380.4 616.1 10.6 reed
-383.9 622.6 10.6 iris
-366.3 620.4 11.1 iris
-368.2 630.5 11.4 iris
-386.5 633.0 11.1 iris
-372.8 641.6 11.6 reed
-391.4 644.5 11.3 reed
-388.1 652.7 11.4 reed
-395.5 663.5 11.4 iris
-386.4 676.5 11.7 iris
-400.9 681.8 11.4 iris
-391.3 688.7 11.7 iris
-414.4 702.1 11.3 reed
-415.8 705.4 11.2 iris
-398.2 705.5 11.8 reed