394.3 844.1 46.0 144.5 33.9 broadleaf
297.9 1008.4 20.2 129.2 37.5 broadleaf
290.7 954.8 20.5 129.1 23.2 broadleaf
326.4 947.6 24.3 128.5 23.2 broadleaf
337.1 997.6 19.3 128.3 23.2 broadleaf
169.3 829.8 37.4 128.2 23.2 broadleaf
487.1 1011.9 46.2 128.0 19.6 broadleaf
105.0 797.6 37.8 127.5 30.4 broadleaf
401.4 1008.4 31.6 125.1 19.6 broadleaf
201.4 933.4 18.7 123.1 41.1 broadleaf
394.3 965.5 27.2 118.9 8.9 broadleaf
115.7 754.8 42.8 115.7 41.1 broadleaf
197.9 772.6 45.7 111.9 37.5 broadleaf
608.6 922.6 43.1 110.5 41.1 broadleaf
519.3 908.4 41.8 110.5 23.2 broadleaf
-37.9 676.2 34.1 109.9 33.9 broadleaf
551.4 929.8 39.4 109.2 19.6 broadleaf
330.0 876.2 38.7 108.8 16.1 broadleaf
-73.6 772.6 25.7 107.9 30.4 broadleaf
247.9 1008.4 21.0 106.1 41.1 broadleaf
472.9 936.9 34.9 103.0 23.2 broadleaf
837.1 654.8 76.1 101.3 33.9 broadleaf
115.7 922.6 24.7 101.0 41.1 broadleaf
633.6 86.9 20.0 99.2 23.2 broadleaf
183.6 976.2 15.9 98.8 41.1 broadleaf
215.7 1001.2 19.5 98.3 41.1 broadleaf
472.9 -548.8 24.7 97.3 37.5 broadleaf
858.6 961.9 55.6 97.0 16.1 broadleaf
305.0 608.4 75.6 96.4 12.5 broadleaf
394.3 922.6 32.2 96.3 23.2 broadleaf
372.9 -48.8 18.7 96.1 19.6 willow
530.0 1029.8 50.9 96.1 23.2 broadleaf
437.1 972.6 31.5 95.4 12.5 broadleaf
622.9 1001.2 52.7 94.5 23.2 broadleaf
655.0 872.6 52.4 94.5 30.4 broadleaf
-530.7 1040.5 10.3 93.8 23.2 willow
-423.6 715.5 11.5 93.6 23.2 willow
-216.4 469.1 18.5 92.9 41.1 willow
765.7 661.9 73.6 92.8 26.8 broadleaf
930.0 933.4 57.4 92.5 12.5 broadleaf
651.4 461.9 54.3 92.5 19.6 broadleaf
651.4 -223.8 30.6 92.4 19.6 broadleaf
490.7 44.1 18.3 91.6 16.1 broadleaf
812.1 154.8 19.7 91.5 19.6 willow
487.1 11.9 21.1 90.7 16.1 broadleaf
437.1 -584.5 25.0 90.5 30.4 broadleaf
-370.0 676.2 12.0 90.2 33.9 willow
615.7 -438.1 35.1 90.1 33.9 broadleaf
-473.6 908.4 11.4 89.7 26.8 willow
647.9 1040.5 54.3 89.5 30.4 broadleaf
-777.1 461.9 22.0 89.1 41.1 conifer
19.3 944.1 21.2 87.9 19.6 broadleaf
-816.4 461.9 21.8 87.5 41.1 broadleaf
-277.1 829.8 16.5 86.3 30.4 broadleaf
755.0 894.1 54.2 85.9 16.1 broadleaf
601.4 236.9 18.2 85.4 19.6 willow
1065.7 783.4 73.7 85.1 23.2 broadleaf
1065.7 483.4 44.6 84.6 33.9 broadleaf
833.6 511.9 55.4 84.3 16.1 broadleaf
133.6 972.6 20.7 84.0 12.5 broadleaf
-491.4 947.6 10.8 83.5 33.9 willow
-755.7 422.6 26.1 83.4 41.1 conifer
662.1 729.8 65.8 83.2 30.4 broadleaf
-784.3 344.1 34.5 82.8 41.1 conifer
844.3 908.4 55.5 82.6 16.1 broadleaf
-737.9 372.6 31.9 82.3 41.1 conifer
-423.6 294.1 20.3 82.2 23.2 conifer
-1216.4 -770.2 49.6 81.9 23.2 conifer
115.7 1004.8 24.4 81.8 16.1 broadleaf
815.7 901.2 54.9 81.7 8.9 broadleaf
594.3 961.9 49.8 81.7 8.9 broadleaf
837.1 719.1 71.1 81.6 16.1 broadleaf
701.4 226.2 18.9 81.2 33.9 willow
269.3 861.9 37.8 80.8 12.5 broadleaf
-1280.7 -863.1 49.9 80.6 41.1 conifer
722.9 936.9 52.1 80.3 16.1 broadleaf
-1255.7 -863.1 49.4 80.1 30.4 conifer
637.1 801.2 59.1 80.1 30.4 broadleaf
-834.3 526.2 16.7 80.0 23.2 conifer
694.3 779.8 62.8 79.9 23.2 broadleaf
794.3 504.8 50.8 79.7 41.1 broadleaf
1076.4 451.2 42.8 79.5 16.1 broadleaf
1115.7 158.4 30.1 79.3 30.4 broadleaf
562.1 869.1 49.7 79.1 16.1 broadleaf
-984.3 -455.9 50.3 79.0 37.5 conifer
-777.1 386.9 30.0 78.8 41.1 conifer
240.7 586.9 73.1 78.8 23.2 broadleaf
969.3 836.9 65.2 78.8 23.2 broadleaf
755.0 461.9 43.6 78.7 41.1 broadleaf
-848.6 490.5 19.0 78.5 37.5 conifer
-716.4 294.1 38.1 78.5 41.1 conifer
-641.4 -513.1 32.1 78.4 23.2 conifer
-923.6 -402.4 49.7 78.2 26.8 conifer
769.3 422.6 36.6 78.1 37.5 broadleaf
-405.7 569.1 7.6 77.4 16.1 willow
994.3 829.8 66.7 77.2 30.4 broadleaf
-723.6 329.8 35.7 77.1 41.1 conifer
69.3 954.8 27.7 76.4 12.5 broadleaf
787.1 940.5 53.9 76.4 12.5 broadleaf
-816.4 394.1 28.3 76.3 30.4 broadleaf
-727.1 -591.6 35.1 76.3 37.5 conifer
880.0 497.6 56.6 75.8 16.1 broadleaf
-755.7 286.9 40.1 74.4 41.1 conifer
1119.3 836.9 70.6 74.3 8.9 broadleaf
708.6 858.4 56.0 74.0 19.6 broadleaf
-1230.7 -723.8 49.3 73.8 33.9 conifer
-1155.7 526.2 16.2 73.7 16.1 broadleaf
1233.6 -770.2 57.8 73.6 33.9 broadleaf
1283.6 -205.9 28.4 73.0 23.2 broadleaf
-873.6 -684.5 37.5 72.9 33.9 conifer
-1027.1 -466.6 51.9 72.8 19.6 conifer
747.9 983.4 54.9 72.7 33.9 broadleaf
540.7 229.8 18.2 72.6 19.6 willow
426.4 661.9 74.7 72.5 12.5 conifer
555.0 -120.2 26.9 72.4 19.6 broadleaf
-523.6 997.6 9.5 72.4 26.8 willow
865.7 -491.6 45.3 72.2 26.8 broadleaf
419.3 558.4 81.8 72.1 19.6 broadleaf
340.7 472.6 69.9 72.0 19.6 broadleaf
315.7 461.9 67.5 71.9 23.2 broadleaf
712.1 186.9 19.2 71.8 30.4 willow
858.6 997.6 57.0 71.7 12.5 broadleaf
733.6 861.9 57.1 71.6 30.4 broadleaf
383.6 -598.8 25.3 71.6 37.5 broadleaf
-1223.6 461.9 18.7 71.6 16.1 broadleaf
469.3 101.2 17.7 71.4 16.1 broadleaf
347.9 -602.4 24.1 71.4 23.2 willow
1258.6 -777.4 59.4 71.2 37.5 broadleaf
526.4 644.1 74.7 70.8 16.1 broadleaf
294.3 876.2 36.7 70.8 19.6 broadleaf
-1330.7 -895.2 51.7 70.7 33.9 conifer
194.3 569.1 70.4 70.7 23.2 conifer
665.7 29.8 25.1 70.6 19.6 broadleaf
1251.4 -820.2 57.6 70.5 12.5 broadleaf
-534.3 622.6 14.9 70.5 23.2 broadleaf
-1073.6 -473.8 53.3 69.9 30.4 conifer
-1387.9 40.5 35.9 69.9 19.6 conifer
547.9 72.6 19.2 69.9 23.2 conifer
608.6 -280.9 31.0 69.9 41.1 broadleaf
737.1 -416.6 42.5 69.7 23.2 broadleaf
840.7 -495.2 44.5 69.6 37.5 broadleaf
794.3 965.5 54.5 69.4 12.5 broadleaf
344.3 -502.4 21.9 69.1 23.2 willow
822.9 -609.5 42.6 69.0 26.8 broadleaf
887.1 526.2 59.2 69.0 23.2 broadleaf
-1227.1 -1113.1 68.8 68.8 23.2 conifer
822.9 565.5 65.5 68.8 23.2 broadleaf
-1334.3 -970.2 54.7 68.2 16.1 conifer
-1159.3 -284.5 60.9 68.0 23.2 conifer
-748.6 790.5 14.3 67.9 23.2 conifer
844.3 -523.8 44.2 67.7 30.4 broadleaf
-466.4 694.1 10.5 67.7 16.1 broadleaf
908.6 740.5 72.2 67.5 30.4 broadleaf
1290.7 -827.4 61.2 67.4 12.5 broadleaf
630.0 701.2 68.1 66.8 12.5 broadleaf
-948.6 -130.9 60.2 66.6 23.2 conifer
-1116.4 -234.5 59.4 66.5 33.9 conifer
937.1 519.1 57.6 66.4 12.5 broadleaf
587.1 -159.5 27.8 66.2 19.6 broadleaf
-1112.9 194.1 41.5 66.1 30.4 conifer
1201.4 19.1 28.4 66.0 16.1 broadleaf
869.3 454.8 48.2 65.9 30.4 broadleaf
-998.6 -416.6 53.3 65.5 30.4 conifer
672.9 508.4 57.8 65.5 12.5 broadleaf
-312.9 -573.8 47.7 65.4 23.2 conifer
905.0 901.2 57.0 65.4 12.5 broadleaf
-612.9 -427.4 36.3 65.3 23.2 broadleaf
-666.4 708.4 15.4 65.2 19.6 broadleaf
1051.4 79.8 27.3 65.1 30.4 broadleaf
640.7 258.4 19.2 65.0 19.6 willow
869.3 429.8 47.7 64.9 19.6 broadleaf
-952.1 -173.8 61.8 64.8 26.8 conifer
590.7 626.2 74.6 64.7 16.1 broadleaf
751.4 951.2 53.7 64.6 16.1 broadleaf
-1237.9 104.8 39.6 64.6 23.2 conifer
687.1 594.1 67.8 64.5 16.1 broadleaf
-1323.6 -848.8 50.4 64.5 26.8 conifer
551.4 -473.8 27.8 64.4 19.6 conifer
530.0 -148.8 25.0 64.2 16.1 conifer
-1395.0 -752.4 57.3 64.1 30.4 broadleaf
37.1 586.9 55.3 64.1 23.2 broadleaf
637.1 233.4 17.9 64.0 41.1 willow
451.4 483.4 69.7 64.0 19.6 broadleaf
-387.9 -398.8 26.8 63.8 30.4 broadleaf
562.1 601.2 76.7 63.8 19.6 broadleaf
1280.0 65.5 32.7 63.6 12.5 broadleaf
-680.7 -577.4 34.4 63.6 23.2 broadleaf
887.1 711.9 72.8 63.6 16.1 broadleaf
-1291.4 419.1 22.6 63.5 16.1 broadleaf
-966.4 -77.4 56.9 63.4 33.9 conifer
-1262.9 -816.6 50.0 63.2 16.1 conifer
-527.1 454.8 20.8 63.2 30.4 broadleaf
-587.9 -413.1 32.6 63.2 33.9 broadleaf
540.7 -423.8 29.4 63.2 19.6 broadleaf
-659.3 579.8 19.6 63.0 19.6 broadleaf
-805.7 -909.5 42.2 62.9 23.2 conifer
147.9 572.6 67.7 62.9 37.5 broadleaf
1233.6 -188.1 27.7 62.9 23.2 broadleaf
-1291.4 -677.4 58.7 62.7 30.4 conifer
594.3 844.1 53.1 62.6 16.1 broadleaf
-673.6 -555.9 34.0 62.5 16.1 broadleaf
508.6 208.4 18.1 62.3 23.2 willow
-1170.0 -173.8 51.1 61.9 23.2 conifer
-127.1 644.1 26.3 61.6 23.2 broadleaf
230.0 101.2 15.7 61.4 26.8 willow
-834.3 904.8 13.2 61.3 26.8 conifer
280.0 529.8 75.0 61.2 33.9 broadleaf
-273.6 -570.2 46.8 61.1 26.8 conifer
-145.0 744.1 19.8 61.1 19.6 broadleaf
476.4 261.9 22.7 61.1 19.6 willow
-445.0 797.6 11.1 60.9 41.1 willow
690.7 -513.1 40.1 60.9 16.1 broadleaf
258.6 540.5 74.7 60.7 23.2 broadleaf
-1245.0 51.2 42.8 60.6 23.2 conifer
-780.7 851.2 13.5 60.4 19.6 conifer
-437.9 819.1 11.3 60.2 37.5 willow
483.6 204.8 18.5 60.0 16.1 willow
44.3 811.9 30.2 59.9 16.1 broadleaf
-898.6 590.5 14.0 59.7 16.1 broadleaf
-1184.3 76.2 41.8 59.6 19.6 broadleaf
487.1 829.8 51.5 59.6 8.9 broadleaf
51.4 436.9 46.1 59.6 19.6 broadleaf
576.4 -402.4 33.0 59.5 19.6 broadleaf
730.0 -309.5 35.9 59.4 19.6 conifer
419.3 608.4 77.1 59.3 23.2 broadleaf
694.3 -198.8 30.7 59.3 19.6 broadleaf
258.6 504.8 72.6 59.2 16.1 broadleaf
-1091.4 447.6 21.3 59.2 16.1 broadleaf
-487.9 636.9 13.9 58.9 19.6 broadleaf
580.0 683.4 70.1 58.4 16.1 broadleaf
558.6 836.9 53.1 58.4 8.9 broadleaf
-809.3 876.2 13.5 58.4 23.2 broadleaf
1272.9 -695.2 58.3 58.3 23.2 broadleaf
33.6 633.4 49.1 58.3 16.1 broadleaf
-248.6 -530.9 44.3 58.3 30.4 broadleaf
-1034.3 -152.4 58.7 58.2 23.2 conifer
-230.7 -534.5 44.0 58.1 30.4 broadleaf
576.4 -438.1 31.6 58.0 12.5 broadleaf
1122.9 65.5 26.5 57.9 16.1 broadleaf
-91.4 615.5 32.0 57.8 33.9 broadleaf
894.3 676.2 73.8 57.8 19.6 broadleaf
697.9 29.8 23.8 57.7 12.5 broadleaf
915.7 411.9 43.3 57.6 23.2 broadleaf
-1177.1 501.2 17.0 57.5 12.5 broadleaf
-1012.9 -205.9 62.4 57.4 26.8 conifer
-1123.6 97.6 43.7 57.4 23.2 conifer
-1087.9 558.4 15.1 57.4 16.1 broadleaf
708.6 -263.1 33.8 57.3 19.6 broadleaf
158.6 501.2 67.4 57.2 19.6 broadleaf
437.1 -270.2 21.9 57.0 12.5 willow
8.6 429.8 39.1 56.9 33.9 broadleaf
740.7 551.2 61.4 56.8 16.1 broadleaf
437.1 22.6 17.2 56.7 12.5 broadleaf
1069.3 1008.4 65.2 56.6 12.5 broadleaf
-852.1 -916.6 46.0 56.5 23.2 conifer
455.0 -263.1 22.9 56.4 30.4 willow
369.3 -466.6 22.1 56.3 26.8 willow
922.9 686.9 73.9 56.3 19.6 broadleaf
-930.7 -91.6 58.9 56.3 23.2 conifer
-227.1 -552.4 46.1 56.2 19.6 broadleaf
697.9 708.4 67.6 55.9 12.5 broadleaf
-137.9 672.6 22.2 55.9 19.6 broadleaf
-1070.0 604.8 16.0 55.9 16.1 broadleaf
212.1 44.1 15.7 55.8 16.1 willow
-445.0 629.8 7.2 55.7 16.1 broadleaf
-1316.4 -602.4 60.2 55.7 23.2 conifer
1040.7 594.1 66.5 55.6 19.6 broadleaf
-587.9 -770.2 41.8 55.6 16.1 conifer
708.6 -284.5 34.7 55.5 23.2 broadleaf
-745.0 722.6 16.5 55.3 19.6 broadleaf
-970.0 572.6 14.0 55.1 12.5 broadleaf
-1230.7 -188.1 50.0 55.1 23.2 conifer
26.4 408.4 38.5 55.1 12.5 broadleaf
340.7 279.8 26.4 55.0 19.6 willow
-1359.3 336.9 24.3 54.9 23.2 broadleaf
-980.7 669.1 17.9 54.6 23.2 broadleaf
-991.4 -173.8 61.5 54.5 41.1 conifer
-1277.1 -348.8 57.7 54.3 23.2 conifer
1240.7 1040.5 67.4 54.3 23.2 conifer
-505.7 -684.5 45.1 54.3 33.9 conifer
597.9 651.2 72.8 54.2 8.9 broadleaf
-1320.0 -363.1 55.6 53.9 23.2 conifer
-1373.6 -945.2 54.9 53.8 19.6 broadleaf
858.6 -434.5 44.7 53.8 26.8 broadleaf
-23.6 815.5 24.6 53.7 12.5 broadleaf
-1320.0 -313.1 56.4 53.6 19.6 conifer
258.6 640.5 71.4 53.6 23.2 broadleaf
-1145.0 411.9 24.8 53.6 8.9 broadleaf
-1030.7 519.1 14.9 53.5 16.1 broadleaf
-1162.9 469.1 18.6 53.5 12.5 broadleaf
283.6 -166.6 21.5 53.3 16.1 willow
-945.0 579.8 14.0 53.3 8.9 broadleaf
-1327.1 294.1 24.9 53.3 16.1 broadleaf
-1041.4 -1113.1 61.8 53.1 16.1 conifer
290.7 504.8 73.9 53.1 16.1 broadleaf
897.9 597.6 69.9 53.0 8.9 broadleaf
-1087.9 -241.6 61.3 53.0 26.8 conifer
701.4 390.5 37.4 53.0 8.9 broadleaf
-512.9 -720.2 44.8 52.9 23.2 conifer
-9.3 794.1 30.0 52.9 16.1 broadleaf
-1170.0 369.1 24.8 52.9 8.9 broadleaf
626.4 597.6 71.1 52.8 12.5 broadleaf
-1045.0 565.5 14.4 52.8 12.5 broadleaf
-1009.3 561.9 14.2 52.7 12.5 broadleaf
358.6 608.4 79.6 52.5 23.2 broadleaf
522.9 -363.1 29.0 52.4 16.1 broadleaf
-1159.3 -1098.8 68.7 52.4 26.8 conifer
765.7 -123.8 29.3 52.3 26.8 broadleaf
155.0 544.1 69.3 52.3 41.1 broadleaf
-405.7 772.6 11.7 52.2 16.1 willow
194.3 -202.4 22.3 52.2 37.5 willow
-459.3 394.1 15.8 51.8 12.5 broadleaf
640.7 -605.9 34.7 51.7 26.8 broadleaf
726.4 -338.1 36.7 51.7 26.8 broadleaf
230.0 840.5 40.8 51.6 41.1 broadleaf
-1012.9 1040.5 11.4 51.6 23.2 broadleaf
-405.7 -630.9 50.6 51.6 19.6 conifer
-780.7 -870.2 39.5 51.6 23.2 conifer
919.3 479.8 53.9 51.6 16.1 broadleaf
644.3 401.2 45.8 51.4 16.1 broadleaf
708.6 -173.8 30.5 51.4 33.9 broadleaf
-555.7 -730.9 41.5 51.4 16.1 conifer
-645.0 -784.5 39.4 51.3 16.1 conifer
819.3 1040.5 58.2 51.3 8.9 broadleaf
1290.7 -13.1 28.4 51.3 12.5 broadleaf
144.3 129.8 15.7 51.0 23.2 willow
-1212.9 422.6 19.6 51.0 8.9 broadleaf
-1155.7 -120.2 48.9 51.0 23.2 conifer
690.7 -170.2 30.0 50.8 23.2 broadleaf
1076.4 579.8 63.6 50.6 37.5 broadleaf
744.3 -163.1 30.6 50.6 12.5 broadleaf
644.3 636.9 72.6 50.4 16.1 broadleaf
-280.7 740.5 15.4 50.3 19.6 broadleaf
1080.0 558.4 59.3 50.3 26.8 broadleaf
-741.4 -841.6 38.8 49.9 19.6 conifer
-1255.7 308.4 25.8 49.8 19.6 broadleaf
-470.0 572.6 14.8 49.8 16.1 broadleaf
519.3 604.8 79.1 49.8 16.1 broadleaf
687.1 679.8 69.8 49.6 8.9 broadleaf
-1234.3 401.2 20.6 49.5 12.5 broadleaf
-534.3 511.9 18.1 49.4 19.6 broadleaf
-541.4 779.8 9.3 49.2 12.5 broadleaf
-562.9 744.1 12.4 49.1 12.5 broadleaf
-1345.0 -641.6 61.3 49.0 19.6 conifer
1165.7 -9.5 27.7 49.0 12.5 broadleaf
-784.3 951.2 11.9 48.8 16.1 broadleaf
-27.1 -405.9 26.5 48.7 16.1 broadleaf
-59.3 -80.9 20.9 48.6 16.1 willow
101.4 -213.1 15.8 48.5 30.4 willow
-1284.3 -591.6 58.5 48.4 23.2 conifer
-577.1 1040.5 10.1 48.2 8.9 willow
155.0 -405.9 21.9 48.2 12.5 willow
-1377.1 -1127.4 61.7 48.1 16.1 broadleaf
-1187.9 433.4 19.8 48.1 12.5 broadleaf
-430.7 -634.5 50.7 47.9 19.6 conifer
444.3 911.9 38.6 47.8 41.1 broadleaf
140.7 608.4 63.6 47.7 12.5 broadleaf
-105.7 840.5 20.2 47.7 16.1 broadleaf
787.1 358.4 38.6 47.6 16.1 broadleaf
133.6 44.1 15.7 47.5 19.6 willow
-1080.7 -1052.4 66.8 47.4 12.5 conifer
-877.1 572.6 14.0 47.4 12.5 broadleaf
97.9 483.4 59.9 47.3 8.9 broadleaf
-423.6 351.2 15.7 47.3 8.9 broadleaf
540.7 533.4 73.0 47.1 12.5 broadleaf
-902.1 -913.1 53.3 47.0 23.2 conifer
615.7 411.9 48.6 47.0 8.9 broadleaf
672.9 -673.8 36.1 46.9 19.6 broadleaf
180.0 33.4 15.7 46.7 16.1 willow
-1205.7 376.2 22.4 46.7 12.5 broadleaf
1062.1 558.4 59.3 46.7 16.1 broadleaf
840.7 -16.6 26.6 46.6 23.2 conifer
-30.7 204.8 15.7 46.6 19.6 willow
1119.3 540.5 58.0 46.6 16.1 broadleaf
1290.7 919.1 68.2 46.5 8.9 broadleaf
-1180.7 -834.5 47.6 46.5 19.6 broadleaf
-595.0 601.2 17.2 46.5 19.6 broadleaf
490.7 -770.2 30.0 46.4 16.1 willow
-27.1 186.9 15.7 46.3 16.1 willow
-1262.9 394.1 21.3 46.3 8.9 broadleaf
383.6 254.8 21.4 46.3 16.1 willow
-1316.4 -252.4 54.5 46.2 19.6 broadleaf
651.4 197.6 17.8 46.2 23.2 willow
-1105.7 522.6 15.4 46.0 8.9 broadleaf
722.9 383.4 33.6 46.0 8.9 broadleaf
-1209.3 -227.4 55.1 46.0 23.2 conifer
290.7 833.4 44.8 45.9 41.1 broadleaf
-12.9 622.6 43.3 45.8 8.9 broadleaf
469.3 454.8 62.5 45.5 12.5 broadleaf
619.3 558.4 69.5 45.4 12.5 broadleaf
-91.4 886.9 19.3 45.3 19.6 broadleaf
-598.6 733.4 13.1 45.2 16.1 broadleaf
976.4 515.5 55.5 45.2 19.6 broadleaf
555.0 -202.4 26.8 45.2 19.6 broadleaf
-466.4 -695.2 51.5 45.2 16.1 conifer
-420.0 -663.1 51.2 45.1 23.2 conifer
690.7 619.1 70.3 45.0 12.5 broadleaf
133.6 -320.2 21.6 44.9 23.2 willow
-948.6 226.2 44.0 44.8 26.8 broadleaf
-930.7 208.4 45.7 44.7 19.6 broadleaf
676.4 -291.6 33.5 44.6 12.5 broadleaf
-541.4 244.1 31.6 44.6 16.1 broadleaf
-684.3 -402.4 45.1 44.5 16.1 broadleaf
276.4 -573.8 25.0 44.5 8.9 willow
647.9 579.8 68.8 44.4 8.9 broadleaf
-662.9 -223.8 56.0 44.4 16.1 broadleaf
1090.7 83.4 27.0 44.2 8.9 broadleaf
-830.7 94.1 51.3 43.8 19.6 broadleaf
1112.1 919.1 66.9 43.8 16.1 conifer
640.7 672.6 70.5 43.7 5.4 broadleaf
712.1 69.1 19.7 43.7 19.6 broadleaf
197.9 136.9 15.7 43.6 19.6 willow
1140.7 536.9 58.8 43.5 19.6 broadleaf
-1145.0 494.1 16.7 43.5 8.9 broadleaf
451.4 -755.9 29.9 43.4 33.9 willow
-830.7 -55.9 57.4 43.3 19.6 broadleaf
1205.0 -541.6 56.0 43.3 26.8 broadleaf
287.1 -541.6 23.3 43.3 16.1 willow
1165.7 926.2 67.5 43.1 12.5 conifer
762.1 47.6 19.6 42.9 33.9 broadleaf
165.7 458.4 59.3 42.9 8.9 broadleaf
-184.3 754.8 17.8 42.9 8.9 broadleaf
1162.1 -159.5 27.9 42.9 16.1 broadleaf
-955.7 -1091.6 56.2 42.9 19.6 conifer
-770.0 926.2 12.1 42.9 16.1 broadleaf
687.1 -552.4 38.9 42.8 16.1 broadleaf
1015.7 629.8 72.6 42.8 16.1 broadleaf
962.1 997.6 61.0 42.7 8.9 broadleaf
108.6 -313.1 22.1 42.7 12.5 willow
-312.9 694.1 12.3 42.7 16.1 broadleaf
219.3 522.6 71.5 42.6 12.5 broadleaf
122.9 -280.9 22.4 42.5 16.1 willow
419.3 283.4 26.8 42.4 16.1 broadleaf
-1312.9 333.4 23.1 42.4 12.5 broadleaf
622.9 -30.9 28.7 42.2 19.6 broadleaf
1290.7 997.6 69.1 42.2 5.4 conifer
-941.4 1040.5 8.9 42.1 8.9 broadleaf
30.0 -388.1 25.1 42.1 16.1 broadleaf
-55.7 626.2 37.0 42.1 16.1 broadleaf
726.4 47.6 19.9 42.0 37.5 broadleaf
219.3 -498.8 22.3 42.0 16.1 willow
426.4 -748.8 29.0 41.9 23.2 willow
-1077.1 947.6 11.8 41.7 16.1 broadleaf
-1370.0 -305.9 55.3 41.4 19.6 broadleaf
1258.6 -520.2 54.3 41.2 19.6 broadleaf
-1048.6 797.6 16.5 41.1 12.5 broadleaf
-62.9 190.5 15.7 41.0 12.5 willow
-373.6 276.2 17.4 41.0 33.9 broadleaf
-23.6 847.6 22.3 40.9 8.9 broadleaf
169.3 76.2 15.7 40.9 8.9 conifer
-230.7 36.9 20.0 40.7 16.1 broadleaf
-345.0 715.5 12.3 40.6 8.9 broadleaf
665.7 -330.9 34.4 40.5 19.6 broadleaf
137.1 79.8 15.7 40.5 8.9 willow
-41.4 547.6 47.1 40.4 19.6 broadleaf
-909.3 29.8 56.0 40.1 16.1 broadleaf
187.1 -445.2 21.5 40.0 12.5 willow
912.1 -52.4 24.2 39.9 12.5 broadleaf
-705.7 836.9 12.8 39.9 12.5 broadleaf
430.0 -13.1 18.0 39.9 16.1 broadleaf
-248.6 58.4 22.0 39.9 23.2 broadleaf
97.9 508.4 64.2 39.8 23.2 broadleaf
1133.6 661.9 82.3 39.8 19.6 broadleaf
551.4 -666.6 29.7 39.8 16.1 broadleaf
347.9 15.5 15.7 39.7 8.9 willow
133.6 286.9 23.2 39.6 12.5 willow
-977.1 -1084.5 58.8 39.4 12.5 broadleaf
1090.7 -109.5 26.9 39.4 12.5 broadleaf
1187.1 -170.2 28.2 39.2 8.9 broadleaf
733.6 1040.5 56.4 38.8 8.9 broadleaf
776.4 -159.5 30.3 38.6 8.9 broadleaf
-305.7 161.9 19.1 38.4 23.2 broadleaf
-748.6 894.1 12.6 38.4 12.5 broadleaf
1265.7 276.2 36.4 38.2 26.8 broadleaf
-634.3 651.2 16.5 38.1 16.1 broadleaf
-1270.0 -259.5 55.7 37.9 12.5 broadleaf
-1198.6 -541.6 56.4 37.9 19.6 broadleaf
-448.6 -663.1 50.9 37.9 41.1 broadleaf
-1366.4 -1005.9 56.1 37.8 23.2 broadleaf
-220.0 -352.4 33.0 37.6 8.9 broadleaf
505.0 -220.2 23.7 37.6 16.1 broadleaf
97.9 640.5 56.0 37.6 8.9 broadleaf
1212.1 1040.5 67.3 37.6 8.9 broadleaf
465.7 636.9 76.0 37.6 8.9 broadleaf
1194.3 236.9 33.7 37.5 26.8 broadleaf
-827.1 1008.4 11.4 37.2 12.5 broadleaf
-659.3 -423.8 40.5 37.2 33.9 broadleaf
1290.7 29.8 30.5 37.0 8.9 broadleaf
-423.6 -1055.9 63.2 36.9 12.5 broadleaf
747.9 -352.4 38.7 36.8 16.1 broadleaf
1237.1 -509.5 52.7 36.8 12.5 broadleaf
390.7 69.1 16.0 36.7 16.1 broadleaf
-1391.4 283.4 26.7 36.7 16.1 broadleaf
183.6 -570.2 29.0 36.7 12.5 broadleaf
-30.7 161.9 15.7 36.7 12.5 willow
712.1 419.1 42.1 36.6 5.4 broadleaf
-1205.7 -563.1 56.5 36.6 26.8 broadleaf
-1220.0 -559.5 56.4 36.6 19.6 broadleaf
190.7 -552.4 28.2 36.6 23.2 broadleaf
-623.6 529.8 20.2 36.3 8.9 broadleaf
-130.7 -684.5 45.8 36.2 19.6 broadleaf
944.3 629.8 71.7 36.1 8.9 broadleaf
-727.1 865.5 12.8 36.1 12.5 broadleaf
144.3 472.6 61.3 35.8 8.9 broadleaf
-566.4 576.2 17.0 35.5 23.2 broadleaf
280.0 -1138.1 48.3 35.3 19.6 conifer
119.3 101.2 15.7 35.3 8.9 willow
440.7 783.4 54.4 35.3 41.1 broadleaf
301.4 272.6 25.2 35.2 16.1 willow
-580.7 497.6 20.7 35.2 12.5 broadleaf
-1305.7 386.9 23.6 35.0 5.4 broadleaf
-1041.4 626.2 17.1 34.8 8.9 broadleaf
562.1 565.5 75.1 34.8 23.2 broadleaf
133.6 8.4 15.7 34.8 16.1 willow
-759.3 151.2 48.2 34.7 19.6 broadleaf
-805.7 979.8 11.9 34.7 12.5 broadleaf
119.3 479.8 61.3 34.6 12.5 broadleaf
905.0 -145.2 29.5 34.6 16.1 broadleaf
312.1 -563.1 24.6 34.4 8.9 willow
844.3 1040.5 58.8 34.4 5.4 broadleaf
-298.6 554.8 14.9 34.3 23.2 willow
-362.9 354.8 15.7 34.1 19.6 willow
1140.7 -41.6 27.4 34.1 12.5 broadleaf
797.9 44.1 19.8 34.1 19.6 broadleaf
-309.3 947.6 15.3 34.0 19.6 broadleaf
-266.4 47.6 23.8 34.0 12.5 broadleaf
-434.3 -691.6 51.5 33.9 8.9 broadleaf
1037.1 -852.4 45.0 33.9 16.1 broadleaf
1122.9 -673.8 57.1 33.9 16.1 broadleaf
-1291.4 369.1 22.1 33.8 16.1 broadleaf
590.7 -573.8 33.1 33.8 8.9 broadleaf
-1173.6 179.8 37.6 33.7 12.5 broadleaf
812.1 372.6 40.9 33.7 12.5 broadleaf
326.4 754.8 54.9 33.7 41.1 broadleaf
537.1 504.8 68.9 33.6 8.9 broadleaf
519.3 715.5 63.7 33.6 19.6 broadleaf
-848.6 1040.5 11.3 33.6 8.9 broadleaf
-348.6 1026.2 18.7 33.3 16.1 broadleaf
1158.6 672.6 82.9 33.3 23.2 broadleaf
626.4 533.4 65.6 33.2 5.4 broadleaf
180.0 4.8 15.7 33.2 8.9 willow
-330.7 -988.1 65.9 33.1 16.1 broadleaf
-255.7 101.2 19.8 33.0 23.2 broadleaf
-877.1 -73.8 59.4 32.6 19.6 conifer
1233.6 372.6 39.4 32.6 19.6 broadleaf
-423.6 -945.2 51.6 32.5 16.1 broadleaf
665.7 -698.8 36.5 32.5 8.9 broadleaf
-252.1 40.5 23.1 32.5 26.8 broadleaf
-1395.0 -20.2 36.7 32.4 8.9 broadleaf
8.6 1004.8 21.6 32.3 12.5 broadleaf
1140.7 311.9 35.6 32.2 23.2 broadleaf
-373.6 240.5 19.8 32.2 16.1 broadleaf
1115.7 -105.9 27.3 32.0 12.5 broadleaf
1065.7 -88.1 25.9 31.9 12.5 broadleaf
605.0 461.9 56.9 31.9 8.9 broadleaf
-73.6 647.6 32.4 31.8 12.5 broadleaf
1133.6 297.6 35.0 31.7 19.6 broadleaf
-27.1 476.2 42.7 31.6 12.5 broadleaf
-595.0 569.1 17.8 31.5 12.5 broadleaf
533.6 447.6 57.5 31.5 8.9 broadleaf
1165.7 351.2 37.0 31.4 23.2 broadleaf
230.0 -527.4 23.9 31.3 5.4 willow
-134.3 929.8 19.2 31.2 12.5 broadleaf
1055.0 -870.2 46.2 31.2 16.1 broadleaf
969.3 86.9 19.3 31.2 23.2 willow
-987.9 190.5 46.0 31.0 16.1 broadleaf
165.7 422.6 53.8 30.8 16.1 broadleaf
1265.7 -248.8 29.2 30.6 8.9 broadleaf
1247.9 22.6 29.2 30.6 12.5 broadleaf
-1223.6 -327.4 60.3 30.5 16.1 conifer
94.3 -280.9 23.1 30.4 8.9 willow
1172.9 122.6 30.4 30.2 16.1 broadleaf
494.3 -102.4 23.9 30.1 12.5 broadleaf
-166.4 647.6 20.3 30.0 8.9 broadleaf
1290.7 854.8 74.3 29.9 5.4 broadleaf
-77.1 722.6 26.2 29.8 12.5 broadleaf
-312.9 636.9 12.6 29.7 12.5 broadleaf
826.4 422.6 40.6 29.6 12.5 broadleaf
258.6 -641.6 33.0 29.5 8.9 broadleaf
647.9 604.8 70.7 29.5 8.9 broadleaf
-59.3 436.9 31.0 29.3 12.5 broadleaf
433.6 -395.2 22.4 29.3 8.9 willow
-1323.6 -1059.5 58.2 29.3 16.1 broadleaf
1072.9 -884.5 47.5 29.2 12.5 broadleaf
-966.4 333.4 32.8 29.2 12.5 broadleaf
355.0 61.9 15.7 29.1 19.6 willow
337.1 65.5 15.7 29.0 16.1 willow
-1327.1 -1045.2 57.3 28.8 23.2 broadleaf
108.6 458.4 55.3 28.8 8.9 broadleaf
-155.7 833.4 19.4 28.8 12.5 broadleaf
901.4 -91.6 26.6 28.7 12.5 broadleaf
-452.1 354.8 18.2 28.7 12.5 broadleaf
601.4 47.6 22.9 28.4 8.9 broadleaf
1215.7 747.6 81.7 28.3 16.1 broadleaf
-302.1 586.9 13.4 28.3 8.9 willow
-277.1 254.8 15.7 28.2 12.5 willow
301.4 -120.2 18.2 28.2 12.5 willow
933.6 -827.4 41.9 28.1 12.5 broadleaf
269.3 -659.5 32.7 28.0 8.9 broadleaf
-1284.3 111.9 38.5 28.0 12.5 broadleaf
1276.4 686.9 81.2 27.9 23.2 broadleaf
94.3 426.2 48.3 27.9 12.5 broadleaf
1033.6 1040.5 65.1 27.6 16.1 broadleaf
26.4 490.5 53.6 27.5 12.5 broadleaf
-70.0 397.6 24.8 27.4 16.1 willow
1290.7 369.1 39.1 27.4 8.9 broadleaf
465.7 661.9 75.9 27.4 16.1 broadleaf
965.7 -845.2 43.1 27.3 8.9 broadleaf
690.7 90.5 19.3 27.3 12.5 broadleaf
-137.9 515.5 27.0 27.3 12.5 broadleaf
94.3 -177.4 15.7 27.3 30.4 willow
530.0 272.6 24.4 27.2 8.9 willow
-473.6 508.4 17.5 27.2 12.5 willow
1290.7 211.9 35.6 27.1 8.9 broadleaf
1258.6 219.1 34.9 27.1 16.1 broadleaf
505.0 804.8 53.9 26.7 41.1 broadleaf
1262.1 -405.9 39.2 26.7 5.4 broadleaf
83.6 579.8 61.3 26.5 16.1 broadleaf
-434.3 433.4 17.3 26.5 16.1 willow
151.4 -377.4 18.1 26.3 5.4 willow
526.4 479.8 65.0 26.3 8.9 broadleaf
1051.4 -605.9 58.7 26.2 19.6 broadleaf
-112.9 440.5 24.8 26.2 16.1 willow
887.1 -48.8 24.4 26.1 12.5 broadleaf
-552.1 147.6 36.2 26.1 12.5 broadleaf
-177.1 797.6 18.6 26.0 5.4 broadleaf
319.3 -1048.8 45.8 25.9 12.5 willow
980.0 129.8 24.7 25.9 19.6 willow
762.1 -673.8 40.8 25.9 12.5 broadleaf
1037.1 -966.6 46.6 25.9 12.5 broadleaf
297.9 -616.6 31.2 25.8 8.9 willow
433.6 108.4 16.7 25.7 8.9 broadleaf
465.7 615.5 79.8 25.6 8.9 broadleaf
-41.4 379.8 25.3 25.5 19.6 willow
83.6 619.1 56.9 25.5 5.4 broadleaf
351.4 776.2 53.3 25.5 41.1 broadleaf
1072.9 -1005.9 47.3 25.5 8.9 broadleaf
233.6 -702.4 22.1 25.4 8.9 broadleaf
-848.6 297.6 38.7 25.4 12.5 broadleaf
280.0 -609.5 31.2 24.9 5.4 broadleaf
337.1 690.5 64.6 24.8 19.6 broadleaf
-59.3 929.8 18.6 24.8 8.9 broadleaf
162.1 -1138.1 57.1 24.7 8.9 broadleaf
1290.7 261.9 36.9 24.7 5.4 broadleaf
419.3 254.8 20.8 24.7 12.5 willow
662.1 -98.8 29.6 24.6 8.9 broadleaf
-384.3 386.9 15.7 24.4 19.6 willow
1290.7 808.4 76.5 24.3 5.4 broadleaf
-402.1 394.1 15.7 24.2 8.9 willow
1051.4 -148.8 28.6 24.2 12.5 broadleaf
572.9 522.6 69.0 24.1 5.4 broadleaf
480.0 619.1 79.3 24.1 8.9 broadleaf
440.7 -184.5 20.7 24.0 16.1 willow
-402.1 376.2 15.7 24.0 8.9 willow
869.3 -209.5 31.9 23.8 8.9 broadleaf
640.7 -545.2 37.5 23.7 8.9 broadleaf
1040.7 811.9 69.3 23.7 8.9 broadleaf
1208.6 286.9 35.8 23.5 16.1 broadleaf
590.7 311.9 33.0 23.4 8.9 broadleaf
626.4 -123.8 29.2 23.4 16.1 broadleaf
276.4 358.4 45.3 23.3 16.1 broadleaf
40.7 540.5 59.4 23.3 12.5 broadleaf
576.4 -638.1 30.9 23.3 12.5 broadleaf
-34.3 915.5 19.0 23.3 41.1 broadleaf
-209.3 636.9 16.5 23.3 16.1 broadleaf
637.1 -913.1 36.3 23.3 8.9 broadleaf
558.6 -334.5 31.9 23.1 23.2 broadleaf
415.7 504.8 76.0 22.9 8.9 broadleaf
1155.0 -1138.1 55.7 22.9 5.4 broadleaf
1155.0 -741.6 52.5 22.8 8.9 broadleaf
547.9 769.1 58.5 22.8 41.1 broadleaf
-1395.0 447.6 26.7 22.7 8.9 broadleaf
-105.7 -509.5 31.0 22.6 12.5 broadleaf
1226.4 333.4 37.6 22.6 12.5 broadleaf
444.3 -338.1 23.3 22.4 5.4 willow
30.0 854.8 26.6 22.4 41.1 broadleaf
-1155.7 -527.4 56.8 22.3 8.9 broadleaf
-237.9 751.2 18.1 22.2 12.5 broadleaf
-1216.4 344.1 24.3 22.2 5.4 broadleaf
1283.6 326.2 37.7 22.1 16.1 broadleaf
-527.1 722.6 12.0 22.0 5.4 broadleaf
-1280.7 1004.8 13.3 21.9 8.9 broadleaf
-73.6 469.1 34.1 21.8 16.1 broadleaf
487.1 308.4 30.7 21.5 8.9 broadleaf
1233.6 -677.4 57.9 21.5 5.4 broadleaf
605.0 519.1 66.2 21.5 12.5 broadleaf
1258.6 476.2 48.7 21.4 16.1 broadleaf
322.9 340.5 41.8 21.4 12.5 broadleaf
565.7 -359.5 32.6 21.3 30.4 broadleaf
1255.0 -2.4 27.9 21.2 12.5 broadleaf
-680.7 1040.5 2.2 21.2 16.1 broadleaf
515.7 -655.9 28.0 21.0 12.5 broadleaf
430.0 376.2 46.9 21.0 8.9 broadleaf
1183.6 633.4 81.7 20.8 8.9 broadleaf
787.1 1.2 26.0 20.7 8.9 broadleaf
-670.0 1022.6 3.0 20.6 19.6 broadleaf
1290.7 240.5 36.2 20.5 5.4 broadleaf
-459.3 469.1 17.3 20.5 12.5 willow
1047.9 -170.2 29.2 20.4 8.9 broadleaf
-16.4 890.5 20.7 20.4 41.1 broadleaf
340.7 -745.2 23.4 20.2 12.5 broadleaf
733.6 -30.9 28.1 20.2 12.5 broadleaf
-634.3 972.6 3.1 20.1 16.1 broadleaf
551.4 451.2 57.7 20.0 19.6 broadleaf
880.0 -813.1 41.4 19.8 16.1 broadleaf
-562.9 994.1 8.3 19.8 5.4 willow
-9.3 744.1 31.7 19.6 41.1 broadleaf
1105.0 -1030.9 51.4 19.6 8.9 broadleaf
322.9 -638.1 32.8 19.6 8.9 willow
-277.1 640.5 13.5 19.6 19.6 broadleaf
619.3 197.6 17.0 19.5 8.9 broadleaf
-512.9 740.5 5.9 19.4 12.5 broadleaf
30.0 715.5 38.4 19.3 41.1 broadleaf
1290.7 129.8 35.6 19.3 5.4 broadleaf
-505.7 247.6 29.7 19.2 5.4 broadleaf
337.1 -763.1 22.9 19.2 8.9 broadleaf
-30.7 -1109.5 57.4 19.0 8.9 broadleaf
251.4 -655.9 31.9 18.9 5.4 broadleaf
926.4 1040.5 60.9 18.8 5.4 broadleaf
-27.1 -1088.1 56.3 18.6 12.5 broadleaf
-105.7 1004.8 21.9 18.6 16.1 broadleaf
144.3 -1130.9 56.9 18.6 12.5 broadleaf
897.9 786.9 68.4 18.5 8.9 broadleaf
965.7 -823.8 42.9 18.5 8.9 broadleaf
44.3 -123.8 18.9 18.5 8.9 willow
726.4 -730.9 38.5 18.4 5.4 broadleaf
412.1 -516.6 22.7 18.4 8.9 broadleaf
1208.6 -705.9 57.9 18.3 5.4 broadleaf
-120.0 -527.4 34.7 18.2 8.9 broadleaf
255.0 -548.8 24.7 18.1 8.9 willow
5.0 722.6 34.7 18.1 41.1 broadleaf
-62.9 244.1 15.7 18.1 5.4 willow
1226.4 165.5 32.8 18.0 12.5 broadleaf
351.4 -555.9 23.8 17.9 12.5 willow
-12.9 -366.6 26.4 17.8 12.5 broadleaf
755.0 365.5 33.0 17.8 8.9 broadleaf
408.6 -423.8 21.8 17.7 8.9 willow
662.1 665.5 70.5 17.6 5.4 broadleaf
515.7 465.5 62.5 17.5 8.9 broadleaf
1262.1 836.9 75.0 17.3 8.9 broadleaf
-652.1 997.6 2.7 17.1 19.6 broadleaf
576.4 286.9 27.7 17.1 12.5 willow
258.6 -716.6 22.2 17.0 8.9 broadleaf
572.9 344.1 38.0 17.0 5.4 broadleaf
44.3 1019.1 24.2 16.8 5.4 broadleaf
1058.6 -1023.8 45.8 16.8 8.9 broadleaf
158.6 -627.4 22.1 16.7 8.9 broadleaf
430.0 -666.6 27.0 16.6 8.9 willow
358.6 -923.8 39.1 16.6 16.1 willow
-327.1 304.8 15.7 16.5 8.9 willow
672.9 -130.9 30.1 16.5 8.9 broadleaf
47.9 497.6 58.0 16.4 5.4 broadleaf
1190.7 176.2 32.5 16.3 8.9 broadleaf
969.3 -920.2 41.5 16.2 5.4 broadleaf
-348.6 547.6 12.4 16.2 8.9 willow
162.1 44.1 15.7 16.1 5.4 willow
315.7 -752.4 22.2 16.1 33.9 broadleaf
-166.4 536.9 21.5 16.0 16.1 broadleaf
1197.9 104.8 31.2 16.0 12.5 broadleaf
526.4 -320.2 29.9 16.0 8.9 broadleaf
-195.0 108.4 15.7 15.9 5.4 willow
897.9 -816.6 41.3 15.8 12.5 broadleaf
547.9 465.5 61.2 15.8 12.5 broadleaf
-616.4 961.9 3.6 15.7 16.1 broadleaf
962.1 179.8 25.3 15.6 12.5 broadleaf
69.3 347.6 30.6 15.6 8.9 willow
-677.1 -813.1 39.4 15.6 16.1 broadleaf
-220.0 147.6 15.7 15.6 8.9 willow
201.4 390.5 49.6 15.5 12.5 broadleaf
-187.9 572.6 17.3 15.4 12.5 broadleaf
1065.7 -941.6 48.4 15.4 8.9 broadleaf
819.3 840.5 61.1 15.4 41.1 broadleaf
397.9 -648.8 27.3 15.4 8.9 willow
1237.1 183.4 33.7 15.2 12.5 broadleaf
922.9 183.4 23.4 15.2 12.5 broadleaf
190.7 -659.5 22.8 15.0 8.9 broadleaf
-852.1 979.8 11.8 15.0 5.4 broadleaf
187.1 290.5 25.2 15.0 5.4 willow
472.9 322.6 33.5 14.8 5.4 broadleaf
-659.3 794.1 12.9 14.8 5.4 broadleaf
640.7 -152.4 29.6 14.7 8.9 broadleaf
1.4 501.2 51.6 14.7 12.5 broadleaf
1280.0 -409.5 42.8 14.7 5.4 broadleaf
-248.6 694.1 15.7 14.6 8.9 broadleaf
1222.9 -1138.1 70.1 14.6 8.9 broadleaf
1276.4 -395.2 38.9 14.6 5.4 broadleaf
390.7 308.4 34.5 14.5 8.9 broadleaf
-387.9 740.5 12.0 14.4 12.5 willow
44.3 515.5 60.1 14.4 8.9 broadleaf
851.4 -255.9 34.5 14.3 8.9 broadleaf
412.1 -163.1 20.6 14.3 8.9 willow
322.9 -727.4 23.5 14.2 5.4 broadleaf
-277.1 619.1 13.4 14.2 8.9 broadleaf
301.4 -1098.8 46.7 14.1 8.9 broadleaf
347.9 561.9 82.1 13.8 5.4 broadleaf
533.6 176.2 18.0 13.7 5.4 broadleaf
1087.1 -595.2 57.6 13.6 5.4 broadleaf
-1062.9 376.2 27.3 13.5 41.1 broadleaf
790.7 -41.6 27.2 13.5 8.9 broadleaf
455.0 297.6 28.9 13.4 5.4 broadleaf
-1009.3 161.9 48.0 13.3 12.5 broadleaf
15.7 -98.8 17.9 13.3 12.5 willow
226.4 -684.5 22.2 13.3 5.4 broadleaf
897.9 -534.5 46.7 13.2 8.9 broadleaf
1119.3 -1063.1 53.9 13.2 5.4 broadleaf
-130.7 -1016.6 51.7 13.2 12.5 broadleaf
-41.4 401.2 27.8 13.2 5.4 willow
972.9 -334.5 37.7 13.0 5.4 broadleaf
-87.9 694.1 27.8 12.8 41.1 broadleaf
-670.0 915.5 11.4 12.7 5.4 broadleaf
-77.1 -963.1 51.9 12.7 8.9 broadleaf
437.1 -88.1 21.6 12.6 5.4 broadleaf
-84.3 -495.2 29.9 12.6 8.9 broadleaf
883.6 -548.8 46.2 12.5 5.4 broadleaf
1015.7 -302.4 31.1 12.5 12.5 broadleaf
794.3 -338.1 40.4 12.4 12.5 broadleaf
1130.0 197.6 31.0 12.4 8.9 broadleaf
683.6 -95.2 29.7 12.3 8.9 broadleaf
1065.7 954.8 64.5 12.2 8.9 broadleaf
283.6 -773.8 22.1 12.2 41.1 broadleaf
147.9 -1102.4 55.1 12.2 8.9 broadleaf
-1041.4 -77.4 53.6 12.1 8.9 broadleaf
-1084.3 351.2 29.5 12.1 41.1 broadleaf
-859.3 419.1 24.2 12.1 41.1 broadleaf
-280.7 683.4 13.7 12.1 8.9 broadleaf
-866.4 404.8 25.6 12.0 41.1 broadleaf
-498.6 -1027.4 52.7 12.0 8.9 broadleaf
262.1 -755.9 21.9 12.0 41.1 broadleaf
-884.3 451.2 21.2 11.9 41.1 broadleaf
-762.9 -455.9 44.8 11.9 30.4 broadleaf
526.4 -273.8 28.9 11.8 8.9 broadleaf
-1130.7 351.2 27.6 11.7 41.1 broadleaf
-834.3 -538.1 40.2 11.7 41.1 broadleaf
-30.7 -988.1 52.7 11.7 8.9 broadleaf
-5.7 -1070.2 55.5 11.6 8.9 broadleaf
-180.7 72.6 15.7 11.6 5.4 willow
1133.6 -1127.4 57.0 11.5 5.4 broadleaf
644.3 372.6 41.2 11.5 8.9 broadleaf
55.0 472.6 54.0 11.4 5.4 broadleaf
-91.4 1040.5 24.1 11.4 12.5 broadleaf
251.4 379.8 49.1 11.4 8.9 broadleaf
-698.6 458.4 22.3 11.4 41.1 broadleaf
1169.3 186.9 31.3 11.4 8.9 broadleaf
-727.1 469.1 21.8 11.3 41.1 broadleaf
-345.0 326.2 15.7 11.3 8.9 willow
-1395.0 908.4 17.0 11.3 41.1 broadleaf
-112.9 -545.2 32.5 11.3 8.9 broadleaf
-977.1 479.8 17.8 11.3 41.1 broadleaf
-780.7 -309.5 53.2 11.2 8.9 broadleaf
-1287.9 -777.4 49.0 11.2 41.1 broadleaf
-577.1 -252.4 45.5 11.2 41.1 broadleaf
755.0 144.1 16.2 11.1 8.9 broadleaf
-2.1 -84.5 17.3 11.1 8.9 willow
1044.3 -327.4 32.7 11.0 16.1 broadleaf
-1330.7 969.1 14.6 11.0 41.1 broadleaf
-1023.6 458.4 19.9 11.0 41.1 broadleaf
-941.4 415.5 24.1 10.9 41.1 broadleaf
-952.1 401.2 25.2 10.9 41.1 broadleaf
901.4 1040.5 60.5 10.9 5.4 broadleaf
-723.6 -391.6 49.4 10.9 41.1 broadleaf
183.6 397.6 49.9 10.9 23.2 broadleaf
1155.0 958.4 66.7 10.9 16.1 broadleaf
1040.7 836.9 67.7 10.8 19.6 broadleaf
1026.4 965.5 63.7 10.8 41.1 broadleaf
-1359.3 -802.4 51.1 10.7 41.1 broadleaf